
Имя процесса: Beckish
Номер процесса: 1

0: INITIAL RANDOM MATRIX
Rows: 14
Columns: 6

     19.66     -29.36     -82.12     -52.73     -41.87     -66.15 
    -82.27     -17.30      62.73      -7.09     -44.21     -41.49 
    -28.38      34.31     -64.83     -88.92     -23.68      97.69 
     56.72     -19.04      38.59     -10.63      71.14      59.25 
     12.57     -45.77      16.47     -35.36     -76.14      87.71 
     60.09     -27.11     -21.10     -13.24     -78.59      56.53 
    -28.58     -16.55     -68.46      39.78     -66.39      51.24 
     81.28     -63.01     -88.41     -37.58      71.27       2.67 
    -57.38      69.34     -48.87     -98.30      59.92      11.13 
    -52.65     -26.65     -65.68     -98.94      74.31      33.11 
     26.82     -50.70       3.79      78.57     -53.70      -8.59 
    -45.60      12.00      45.51     -94.48      95.94     -94.40 
    -51.73      81.25      24.26     -96.11     -58.83     -65.38 
     93.23     -10.67      39.94      54.03      97.15      48.08 



0: 	--------------------------------
Rows: 14
Columns: 6

    -66.15     -41.87     -52.73     -82.12     -29.36      19.66 
    -41.49     -44.21      -7.09      62.73     -17.30     -82.27 
     97.69     -23.68     -88.92     -64.83      34.31     -28.38 
     59.25      71.14     -10.63      38.59     -19.04      56.72 
     87.71     -76.14     -35.36      16.47     -45.77      12.57 
     56.53     -78.59     -13.24     -21.10     -27.11      60.09 
     51.24     -66.39      39.78     -68.46     -16.55     -28.58 
      2.67      71.27     -37.58     -88.41     -63.01      81.28 
     11.13      59.92     -98.30     -48.87      69.34     -57.38 
     33.11      74.31     -98.94     -65.68     -26.65     -52.65 
     -8.59     -53.70      78.57       3.79     -50.70      26.82 
    -94.40      95.94     -94.48      45.51      12.00     -45.60 
    -65.38     -58.83     -96.11      24.26      81.25     -51.73 
     48.08      97.15      54.03      39.94     -10.67      93.23 



0: Time of calculation: -1.510020e+03
0: 	--------------------------------